"아파트 이름(단지명)", "동호수", "면적", "완공 연도", "2022가격", "2021가격", "2020가격", "2019가격", "2018가격", "2017가격", "2016가격", "2015가격", "2014가격", "2013가격"
"엘리시움", 201, 80.09, 0, 416000000, 412000000, 412000000, 412000000, 372000000, 371000000, 0, 0, 0, 0
"엘리시움", 202, 79.51, 0, 413000000, 409000000, 409000000, 409000000, 368000000, 369000000, 0, 0, 0, 0
"엘리시움", 301, 80.09, 0, 416000000, 412000000, 412000000, 412000000, 372000000, 371000000, 0, 0, 0, 0
"엘리시움", 302, 79.51, 0, 413000000, 409000000, 409000000, 409000000, 368000000, 369000000, 0, 0, 0, 0
"봄빌리지", 101, 77.69, 0, 485000000, 478000000, 478000000, 476000000, 0, 0, 0, 0, 0, 0
"봄빌리지", 201, 79.67, 0, 497000000, 491000000, 491000000, 488000000, 0, 0, 0, 0, 0, 0
"봄빌리지", 301, 67.26, 0, 428000000, 423000000, 423000000, 421000000, 0, 0, 0, 0, 0, 0
"봄빌리지", 302, 65.95, 0, 420000000, 415000000, 415000000, 413000000, 0, 0, 0, 0, 0, 0
"해오름빌라트", 201, 124.6, 0, 453000000, 445000000, 438000000, 428000000, 385000000, 346000000, 325000000, 310000000, 307000000, 319000000
"해오름빌라트", 202, 80.67, 0, 303000000, 299000000, 294000000, 295000000, 257000000, 229000000, 216000000, 206000000, 204000000, 210000000
"해오름빌라트", 301, 124.6, 0, 453000000, 445000000, 438000000, 428000000, 385000000, 346000000, 325000000, 310000000, 307000000, 319000000
"해오름빌라트", 302, 80.67, 0, 303000000, 299000000, 294000000, 295000000, 257000000, 229000000, 216000000, 206000000, 204000000, 210000000
"해오름빌라트", 401, 134.59, 0, 465000000, 456000000, 449000000, 439000000, 395000000, 355000000, 333000000, 318000000, 315000000, 327000000
